"Abilene, TX",10180,165252,131508,12184,1084,2209,132,4867,35108,79.6,7.4,0.7,1.3,0.1,2.9,21.2
"Akron, OH",10420,703200,585423,84807,1311,14190,173,14281,10733,83.3,12.1,0.2,2,0,2,1.5
"Albany, GA",10500,157308,70063,82029,368,1481,148,1871,3270,44.5,52.1,0.2,0.9,0.1,1.2,2.1
"Albany-Schenectady-Troy, NY",10580,870716,739196,67361,2072,27192,287,21382,36027,84.9,7.7,0.2,3.1,0,2.5,4.1
"Albuquerque, NM",10740,887077,617629,23742,51987,17924,927,38301,414222,69.6,2.7,5.9,2,0.1,4.3,46.7
"Alexandria, LA",10780,153922,101522,45583,1263,1618,44,2563,4349,66,29.6,0.8,1.1,0,1.7,2.8
"Allentown-Bethlehem-Easton, PA-NJ",10900,821173,693837,41220,2166,20434,281,19414,106598,84.5,5,0.3,2.5,0,2.4,13
"Altoona, PA",11020,127089,122238,2129,143,706,29,1547,1230,96.2,1.7,0.1,0.6,0,1.2,1
"Amarillo, TX",11100,249881,199405,15278,1908,6525,104,6506,63116,79.8,6.1,0.8,2.6,0,2.6,25.3
"Ames, IA",11180,89542,79344,2196,163,5383,20,1518,2695,88.6,2.5,0.2,6,0,1.7,3
"Anchorage, AK",11260,380821,268038,17082,28031,24676,6122,29386,25362,70.4,4.5,7.4,6.5,1.6,7.7,6.7
"Anderson, IN",11300,131636,115452,10963,320,553,45,2330,4189,87.7,8.3,0.2,0.4,0,1.8,3.2
"Anderson, SC",11340,187126,149818,30020,478,1405,43,2862,5447,80.1,16,0.3,0.8,0,1.5,2.9
"Ann Arbor, MI",11460,344791,256880,43767,1174,27109,128,11574,13860,74.5,12.7,0.3,7.9,0,3.4,4
"Anniston-Oxford, AL",11500,118572,88840,24382,540,845,96,1975,3893,74.9,20.6,0.5,0.7,0.1,1.7,3.3
"Appleton, WI",11540,225666,207425,1982,3185,6260,81,3300,8049,91.9,0.9,1.4,2.8,0,1.5,3.6
"Asheville, NC",11700,424858,379546,19299,1748,3724,490,7913,27100,89.3,4.5,0.4,0.9,0.1,1.9,6.4
"Athens-Clarke County, GA",12020,192541,137538,37544,405,6134,92,3612,15313,71.4,19.5,0.2,3.2,0,1.9,8
"Atlanta-Sandy Springs-Marietta, GA",12060,5268860,2920480,1707913,17963,254307,2649,126091,547400,55.4,32.4,0.3,4.8,0.1,2.4,10.4
"Atlantic City-Hammonton, NJ",12100,274549,179566,44138,1050,20595,92,8890,46241,65.4,16.1,0.4,7.5,0,3.2,16.8
"Auburn-Opelika, AL",12220,140247,100006,31901,445,3658,105,2259,4571,71.3,22.7,0.3,2.6,0.1,1.6,3.3
"Augusta-Richmond County, GA-SC",12260,556877,325361,196695,1941,9669,708,12773,24712,58.4,35.3,0.3,1.7,0.1,2.3,4.4
"Austin-Round Rock-San Marcos, TX",12420,1716289,1250332,127397,13452,82433,1347,54873,538313,72.9,7.4,0.8,4.8,0.1,3.2,31.4
"Bakersfield-Delano, CA",12540,839631,499766,48921,12676,34846,1252,37856,413033,59.5,5.8,1.5,4.2,0.1,4.5,49.2
"Baltimore-Towson, MD",12580,2710489,1684436,778879,8517,122911,1467,67656,123754,62.1,28.7,0.3,4.5,0.1,2.5,4.6
"Bangor, ME",12620,153923,146802,1159,1809,1422,44,2349,1620,95.4,0.8,1.2,0.9,0,1.5,1.1
"Barnstable Town, MA",12700,215888,200194,4062,1324,2287,85,4701,4687,92.7,1.9,0.6,1.1,0,2.2,2.2
"Baton Rouge, LA",12940,802484,479603,285911,2194,14345,267,9782,27357,59.8,35.6,0.3,1.8,0,1.2,3.4
"Battle Creek, MI",12980,136146,111915,14872,831,2179,56,4189,6177,82.2,10.9,0.6,1.6,0,3.1,4.5
"Bay City, MI",13020,107771,101451,1702,564,578,14,2407,5093,94.1,1.6,0.5,0.5,0,2.2,4.7
"Beaumont-Port Arthur, TX",13140,388745,251557,95463,2024,9710,132,7105,50049,64.7,24.6,0.5,2.5,0,1.8,12.9
"Bellingham, WA",13380,201140,171816,1929,5683,7090,492,7553,15756,85.4,1,2.8,3.5,0.2,3.8,7.8
"Bend, OR",13460,157733,145374,568,1449,1476,210,3993,11718,92.2,0.4,0.9,0.9,0.1,2.5,7.4
"Billings, MT",13740,158050,144021,968,5965,961,117,4213,7143,91.1,0.6,3.8,0.6,0.1,2.7,4.5
"Binghamton, NY",13780,251725,226000,9989,482,7437,97,5662,7472,89.8,4,0.2,3,0,2.2,3
"Birmingham-Hoover, AL",13820,1128047,753158,318373,3351,13866,506,13303,48530,66.8,28.2,0.3,1.2,0,1.2,4.3
"Bismarck, ND",13900,108779,101359,603,4393,446,51,1600,1386,93.2,0.6,4,0.4,0,1.5,1.3
"Blacksburg-Christiansburg-Radford, VA",13980,162958,145889,7013,322,5602,42,3040,3562,89.5,4.3,0.2,3.4,0,1.9,2.2
"Bloomington, IN",14020,192714,174786,4605,521,7376,67,3896,4549,90.7,2.4,0.3,3.8,0,2,2.4
"Bloomington-Normal, IL",14060,169572,142940,12426,383,7227,55,3938,7434,84.3,7.3,0.2,4.3,0,2.3,4.4
"Boise City-Nampa, ID",14260,616561,542173,5576,5282,11101,1282,17656,77538,87.9,0.9,0.9,1.8,0.2,2.9,12.6
"Boston-Cambridge-Quincy, MA-NH",14460,4552402,3587540,331292,11338,294503,1491,118201,410516,78.8,7.3,0.2,6.5,0,2.6,9
"Boulder, CO",14500,294567,256889,2532,1832,12133,173,7881,39276,87.2,0.9,0.6,4.1,0.1,2.7,13.3
"Bowling Green, KY",14540,125953,106956,10480,352,3209,130,2488,5274,84.9,8.3,0.3,2.5,0.1,2,4.2
"Bremerton-Silverdale, WA",14740,251133,207369,6650,4040,12396,2310,14449,15686,82.6,2.6,1.6,4.9,0.9,5.8,6.2
"Bridgeport-Stamford-Norwalk, CT",14860,916829,685900,99317,2384,42284,442,24028,155025,74.8,10.8,0.3,4.6,0,2.6,16.9
"Brownsville-Harlingen, TX",15180,406220,353423,2155,1688,2689,113,6247,357747,87,0.5,0.4,0.7,0,1.5,88.1
"Brunswick, GA",15260,112370,80014,26413,343,1004,107,1879,5696,71.2,23.5,0.3,0.9,0.1,1.7,5.1
"Buffalo-Niagara Falls, NY",15380,1135509,926917,138782,8193,25612,281,21189,46425,81.6,12.2,0.7,2.3,0,1.9,4.1
"Burlington, NC",15500,151131,107420,28369,1020,1837,58,3136,16639,71.1,18.8,0.7,1.2,0,2.1,11
"Burlington-South Burlington, VT",15540,211261,197041,3557,980,4651,66,4218,3507,93.3,1.7,0.5,2.2,0,2,1.7
"Canton-Massillon, OH",15940,404422,361393,28676,1038,2821,85,8642,6203,89.4,7.1,0.3,0.7,0,2.1,1.5
"Cape Coral-Fort Myers, FL",15980,618754,513496,51069,2193,8461,380,12865,113308,83,8.3,0.4,1.4,0.1,2.1,18.3
"Cape Girardeau-Jackson, MO-IL",16020,96275,84261,8277,289,940,29,1637,1729,87.5,8.6,0.3,1,0,1.7,1.8
"Carson City, NV",16180,55274,44807,1054,1306,1181,101,1620,11777,81.1,1.9,2.4,2.1,0.2,2.9,21.3
"Casper, WY",16220,75450,70015,665,781,510,39,1810,5231,92.8,0.9,1,0.7,0.1,2.4,6.9
"Cedar Rapids, IA",16300,257940,237354,8856,659,3962,184,5295,6079,92,3.4,0.3,1.5,0.1,2.1,2.4
"Champaign-Urbana, IL",16580,231891,177670,25089,611,18057,140,5838,11068,76.6,10.8,0.3,7.8,0.1,2.5,4.8
"Charleston, WV",16620,304284,280766,14751,606,2462,68,4894,2522,92.3,4.8,0.2,0.8,0,1.6,0.8
"Charleston-North Charleston-Summerville, SC",16700,664607,435763,184019,3039,10817,629,13895,35707,65.6,27.7,0.5,1.6,0.1,2.1,5.4
"Charlotte-Gastonia-Rock Hill, NC-SC",16740,1758038,1145080,421105,8684,55315,989,39398,172766,65.1,24,0.5,3.1,0.1,2.2,9.8
"Charlottesville, VA",16820,201559,159144,25109,508,7869,86,4894,9640,79,12.5,0.3,3.9,0,2.4,4.8
"Chattanooga, TN-GA",16860,528143,428496,73299,1800,7261,375,8544,18690,81.1,13.9,0.3,1.4,0.1,1.6,3.5
"Cheyenne, WY",16940,91738,81205,2248,878,976,142,2811,11978,88.5,2.5,1,1.1,0.2,3.1,13.1
"Chicago-Joliet-Naperville, IL-IN-WI",16980,9461105,6183881,1645993,36525,532801,2961,230168,1957080,65.4,17.4,0.4,5.6,0,2.4,20.7
"Chico, CA",17020,220000,180096,3415,4395,9057,452,10444,31116,81.9,1.6,2,4.1,0.2,4.7,14.1
"Cincinnati-Middletown, OH-KY-IN",17140,2130151,1766445,255905,4105,40422,1397,39387,55120,82.9,12,0.2,1.9,0.1,1.8,2.6
"Clarksville, TN-KY",17300,273949,200618,50048,1530,4505,975,10502,18718,73.2,18.3,0.6,1.6,0.4,3.8,6.8
"Cleveland, TN",17420,115788,105783,4269,394,861,61,1981,4897,91.4,3.7,0.3,0.7,0.1,1.7,4.2
"Cleveland-Elyria-Mentor, OH",17460,2077240,1538382,416528,4056,40522,398,42130,98133,74.1,20.1,0.2,2,0,2,4.7
"Coeur d'Alene, ID",17660,138494,130844,416,1781,961,129,3322,5268,94.5,0.3,1.3,0.7,0.1,2.4,3.8
"College Station-Bryan, TX",17780,228660,167453,27098,1068,10214,123,5212,51561,73.2,11.9,0.5,4.5,0.1,2.3,22.5
"Colorado Springs, CO",17820,645613,518266,38602,6159,17220,2206,32365,94959,80.3,6,1,2.7,0.3,5,14.7
"Columbia, MO",17860,172786,143931,15643,671,6170,97,4763,5017,83.3,9.1,0.4,3.6,0.1,2.8,2.9
"Columbia, SC",17900,767598,463516,255104,2746,12704,658,14997,39153,60.4,33.2,0.4,1.7,0.1,2,5.1
"Columbus, GA-AL",17980,294865,154718,119023,1183,4975,646,7985,16896,52.5,40.4,0.4,1.7,0.2,2.7,5.7
"Columbus, IN",18020,76794,68824,1420,209,2632,48,1212,4762,89.6,1.8,0.3,3.4,0.1,1.6,6.2
"Columbus, OH",18140,1836536,1423596,273560,4252,57274,927,46419,66460,77.5,14.9,0.2,3.1,0.1,2.5,3.6
"Corpus Christi, TX",18580,428185,353293,15011,2685,6723,335,10352,247231,82.5,3.5,0.6,1.6,0.1,2.4,57.7
"Corvallis, OR",18700,85579,74506,759,627,4429,213,3060,5467,87.1,0.9,0.7,5.2,0.2,3.6,6.4
"Crestview-Fort Walton Beach-Destin, FL",18880,180822,146582,16797,1068,5328,354,7101,12296,81.1,9.3,0.6,2.9,0.2,3.9,6.8
"Cumberland, MD-WV",19060,103299,93871,6810,148,678,32,1534,1287,90.9,6.6,0.1,0.7,0,1.5,1.2
"Dallas-Fort Worth-Arlington, TX",19100,6371773,4161280,961871,43390,341503,6196,179763,1752166,65.3,15.1,0.7,5.4,0.1,2.8,27.5
"Dalton, GA",19140,142227,113943,4090,817,1446,95,3274,37625,80.1,2.9,0.6,1,0.1,2.3,26.5
"Danville, IL",19180,81625,67323,10571,191,564,17,1770,3441,82.5,13,0.2,0.7,0,2.2,4.2
"Danville, VA",19260,106561,68449,34813,226,584,29,1271,2577,64.2,32.7,0.2,0.5,0,1.2,2.4
"Davenport-Moline-Rock Island, IA-IL",19340,379690,326648,25860,1001,5994,131,10217,29024,86,6.8,0.3,1.6,0,2.7,7.6
"Dayton, OH",19380,841502,672906,125815,1951,15364,283,19294,17211,80,15,0.2,1.8,0,2.3,2
"Decatur, AL",19460,153829,122051,18123,2995,733,113,3842,9730,79.3,11.8,1.9,0.5,0.1,2.5,6.3
"Decatur, IL",19500,110768,87855,18027,226,1118,32,2754,2072,79.3,16.3,0.2,1,0,2.5,1.9
"Deltona-Daytona Beach-Ormond Beach, FL",19660,494593,408256,51791,1778,7567,204,10510,55217,82.5,10.5,0.4,1.5,0,2.1,11.2
"Denver-Aurora- Broomfield, CO \2",19740,2543482,1982826,143128,25169,94005,3070,91016,571131,78,5.6,1,3.7,0.1,3.6,22.5
"Des Moines-West Des Moines, IA",19780,569633,496816,27049,1670,17220,309,12217,38004,87.2,4.7,0.3,3,0.1,2.1,6.7
"Detroit-Warren-Livonia, MI",19820,4296250,3011239,980451,14852,141316,951,94632,168065,70.1,22.8,0.3,3.3,0,2.2,3.9
"Dothan, AL",20020,145639,106045,33657,727,941,59,2351,4304,72.8,23.1,0.5,0.6,0,1.6,3
"Dover, DE",20100,162310,109999,38913,1043,3306,91,5723,9346,67.8,24,0.6,2,0.1,3.5,5.8
"Dubuque, IA",20220,93653,88092,2486,178,878,288,1217,1807,94.1,2.7,0.2,0.9,0.3,1.3,1.9
"Duluth, MN-WI",20260,279771,259105,3723,7431,2310,76,6543,3387,92.6,1.3,2.7,0.8,0,2.3,1.2
"Durham-Chapel Hill, NC",20500,504357,298974,136543,2519,22120,241,12038,56915,59.3,27.1,0.5,4.4,0,2.4,11.3
"Eau Claire, WI",20740,161151,151450,1856,781,4071,45,2247,2604,94,1.2,0.5,2.5,0,1.4,1.6
"El Centro, CA",20940,174528,102553,5773,3059,2843,165,7722,140271,58.8,3.3,1.8,1.6,0.1,4.4,80.4
"Elizabethtown, KY",21060,119736,98300,12719,578,2129,356,3968,5718,82.1,10.6,0.5,1.8,0.3,3.3,4.8
"Elkhart-Goshen, IN",21140,197559,163792,11307,747,1915,81,4925,27886,82.9,5.7,0.4,1,0,2.5,14.1
"Elmira, NY",21300,88830,78771,5828,233,1057,20,2372,2240,88.7,6.6,0.3,1.2,0,2.7,2.5
"El Paso, TX",21340,800647,656993,24864,6007,8284,999,19704,658134,82.1,3.1,0.8,1,0.1,2.5,82.2
"Erie, PA",21500,280566,247569,20155,566,3077,90,5878,9518,88.2,7.2,0.2,1.1,0,2.1,3.4
"Eugene-Springfield, OR",21660,351715,310685,3369,4070,8322,769,14663,26167,88.3,1,1.2,2.4,0.2,4.2,7.4
"Evansville, IN-KY",21780,358676,322419,22133,767,3420,185,6699,6946,89.9,6.2,0.2,1,0.1,1.9,1.9
"Fairbanks, AK",21820,97581,75175,4423,6879,2591,396,6671,5651,77,4.5,7,2.7,0.4,6.8,5.8
"Fargo, ND-MN",22020,208777,191992,4270,2630,4378,73,4108,5071,92,2,1.3,2.1,0,2,2.4
"Farmington, NM",22140,130044,67048,756,47640,484,74,4541,24776,51.6,0.6,36.6,0.4,0.1,3.5,19.1
"Fayetteville, NC",22180,366383,185336,132833,9652,7574,1342,16960,36013,50.6,36.3,2.6,2.1,0.4,4.6,9.8
"Fayetteville-Springdale-Rogers, AR-MO",22220,463204,379400,8981,6997,11008,5068,12625,69087,81.9,1.9,1.5,2.4,1.1,2.7,14.9
"Flagstaff, AZ",22380,134421,82967,1629,36714,1846,164,4111,18166,61.7,1.2,27.3,1.4,0.1,3.1,13.5
"Flint, MI",22420,425790,317393,88127,2252,3879,79,11016,12983,74.5,20.7,0.5,0.9,0,2.6,3
"Florence, SC",22500,205566,113482,85079,658,1874,31,2291,4170,55.2,41.4,0.3,0.9,0,1.1,2
"Florence-Muscle Shoals, AL",22520,147137,123901,18025,605,914,54,2151,3175,84.2,12.3,0.4,0.6,0,1.5,2.2
"Fond du Lac, WI",22540,101633,95674,1305,471,1148,21,1314,4368,94.1,1.3,0.5,1.1,0,1.3,4.3
"Fort Collins-Loveland, CO",22660,299630,271267,2500,2206,5800,224,7905,31628,90.5,0.8,0.7,1.9,0.1,2.6,10.6
"Fort Smith, AR-OK",22900,298592,234790,10643,18943,6628,200,13551,24468,78.6,3.6,6.3,2.2,0.1,4.5,8.2
"Fort Wayne, IN",23060,416257,341034,41813,1414,9933,199,11069,24172,81.9,10,0.3,2.4,0,2.7,5.8
"Fresno, CA",23420,930450,515145,49523,15649,89357,1405,42286,468070,55.4,5.3,1.7,9.6,0.2,4.5,50.3
"Gadsden, AL",23460,104430,83823,15796,448,672,171,1545,3447,80.3,15.1,0.4,0.6,0.2,1.5,3.3
"Gainesville, FL",23540,264275,187552,51179,856,13295,146,6794,21597,71,19.4,0.3,5,0.1,2.6,8.2
"Gainesville, GA",23580,179684,133197,13279,811,3226,167,3962,46906,74.1,7.4,0.5,1.8,0.1,2.2,26.1
"Glens Falls, NY",24020,128923,123206,2483,272,722,21,1579,2624,95.6,1.9,0.2,0.6,0,1.2,2
"Goldsboro, NC",24140,122623,72135,38499,481,1431,64,2824,12162,58.8,31.4,0.4,1.2,0.1,2.3,9.9
"Grand Forks, ND-MN",24220,98461,89853,1631,2110,1510,42,2265,3671,91.3,1.7,2.1,1.5,0,2.3,3.7
"Grand Junction, CO",24300,146723,131181,935,1554,1121,161,3893,19552,89.4,0.6,1.1,0.8,0.1,2.7,13.3
"Grand Rapids-Wyoming, MI",24340,774160,643132,62381,3989,14707,273,20586,65227,83.1,8.1,0.5,1.9,0,2.7,8.4
"Great Falls, MT",24500,81327,72584,1010,3487,684,89,2947,2711,89.2,1.2,4.3,0.8,0.1,3.6,3.3
"Greeley, CO",24540,252825,209594,2473,2817,3022,216,7432,71680,82.9,1,1.1,1.2,0.1,2.9,28.4
"Green Bay, WI",24580,306241,270788,5633,7259,6895,114,5980,18967,88.4,1.8,2.4,2.3,0,2,6.2
"Greensboro-High Point, NC",24660,723801,470569,184730,3891,21037,328,15402,54683,65,25.5,0.5,2.9,0,2.1,7.6
"Greenville, NC",24780,189510,109925,65221,736,2685,103,3702,12256,58,34.4,0.4,1.4,0.1,2,6.5
"Greenville-Mauldin-Easley, SC",24860,636986,485679,106284,1784,10945,305,11100,42967,76.2,16.7,0.3,1.7,0,1.7,6.7
"Gulfport-Biloxi, MS",25060,248820,183190,47935,1166,5799,289,6102,11622,73.6,19.3,0.5,2.3,0.1,2.5,4.7
"Hagerstown-Martinsburg, MD-WV",25180,269140,234010,21662,655,2984,108,6769,9248,86.9,8,0.2,1.1,0,2.5,3.4
"Hanford-Corcoran, CA",25260,152982,83027,11014,2562,5620,271,7492,77866,54.3,7.2,1.7,3.7,0.2,4.9,50.9
"Harrisburg-Carlisle, PA",25420,549475,453623,56209,1013,15816,162,12992,25831,82.6,10.2,0.2,2.9,0,2.4,4.7
"Harrisonburg, VA",25500,125228,109553,4385,336,2178,72,2575,11741,87.5,3.5,0.3,1.7,0.1,2.1,9.4
"Hartford-West Hartford-East Hartford, CT",25540,1212381,932185,131929,2904,47339,383,30062,151219,76.9,10.9,0.2,3.9,0,2.5,12.5
"Hattiesburg, MS",25620,142842,97312,40416,345,1176,68,1755,3961,68.1,28.3,0.2,0.8,0,1.2,2.8
"Hickory-Lenoir-Morganton, NC",25860,365497,311116,25182,1169,9325,395,6255,23063,85.1,6.9,0.3,2.6,0.1,1.7,6.3
"Hinesville-Fort Stewart, GA",25980,77917,38907,30452,449,1362,448,3450,7937,49.9,39.1,0.6,1.7,0.6,4.4,10.2
"Holland-Grand Haven, MI",26100,263801,237638,3874,1141,6738,74,5338,22761,90.1,1.5,0.4,2.6,0,2,8.6
"Honolulu, HI",26180,953207,198732,19256,2438,418410,90878,213036,77433,20.8,2,0.3,43.9,9.5,22.3,8.1
"Hot Springs, AR",26300,96024,82964,7615,587,695,45,2214,4622,86.4,7.9,0.6,0.7,0,2.3,4.8
"Houma-Bayou Cane-Thibodaux, LA",26380,208178,155036,33885,9050,1849,91,4104,8068,74.5,16.3,4.3,0.9,0,2,3.9
"Houston-Sugar Land-Baytown, TX",26420,5946800,3580934,1025775,38236,389007,3860,179509,2099412,60.2,17.2,0.6,6.5,0.1,3,35.3
"Huntington-Ashland, WV-KY-OH",26580,287702,272757,7794,654,1666,46,4107,2707,94.8,2.7,0.2,0.6,0,1.4,0.9
"Huntsville, AL",26620,417593,294786,90805,3098,9189,407,9723,19995,70.6,21.7,0.7,2.2,0.1,2.3,4.8
"Idaho Falls, ID",26820,130374,118255,637,993,959,109,2573,14553,90.7,0.5,0.8,0.7,0.1,2,11.2
"Indianapolis-Carmel, IN",26900,1756241,1352724,263376,4738,39576,738,38277,108259,77,15,0.3,2.3,0,2.2,6.2
"Iowa City, IA",26980,152586,132879,6451,343,6891,64,3283,7338,87.1,4.2,0.2,4.5,0,2.2,4.8
"Ithaca, NY",27060,101564,83941,4020,360,8737,45,3286,4264,82.6,4,0.4,8.6,0,3.2,4.2
"Jackson, MI",27100,160248,140507,12739,592,1137,33,4016,4837,87.7,7.9,0.4,0.7,0,2.5,3
"Jackson, MS",27140,539057,264449,257021,907,5664,213,4891,11391,49.1,47.7,0.2,1.1,0,0.9,2.1
"Jackson, TN",27180,115425,73247,37205,256,978,33,1719,3649,63.5,32.2,0.2,0.8,0,1.5,3.2
"Jacksonville, FL",27260,1345596,940420,292881,5219,46181,1212,35239,92879,69.9,21.8,0.4,3.4,0.1,2.6,6.9
"Jacksonville, NC",27340,177772,131590,27672,1238,3355,487,7751,17896,74,15.6,0.7,1.9,0.3,4.4,10.1
"Janesville, WI",27500,160331,140513,7978,516,1630,39,3707,12124,87.6,5,0.3,1,0,2.3,7.6
"Jefferson City, MO",27620,149807,133059,11153,545,1281,80,2514,3172,88.8,7.4,0.4,0.9,0.1,1.7,2.1
"Johnson City, TN",27740,198716,185507,5610,538,1677,49,3003,5217,93.4,2.8,0.3,0.8,0,1.5,2.6
"Johnstown, PA",27780,143679,135206,5222,147,729,29,1758,2006,94.1,3.6,0.1,0.5,0,1.2,1.4
"Jonesboro, AR",27860,121026,100412,14415,401,1120,33,2025,4820,83,11.9,0.3,0.9,0,1.7,4
"Joplin, MO",27900,175518,155510,2705,3117,1937,800,5522,10564,88.6,1.5,1.8,1.1,0.5,3.1,6
"Kalamazoo-Portage, MI",28020,326589,270773,30366,1728,5525,105,10278,17717,82.9,9.3,0.5,1.7,0,3.1,5.4
"Kankakee-Bradley, IL",28100,113449,87986,17187,286,1052,34,2402,10167,77.6,15.1,0.3,0.9,0,2.1,9
"Kansas City, MO-KS",28140,2035334,1596643,254509,10437,46221,3213,56243,166683,78.4,12.5,0.5,2.3,0.2,2.8,8.2
"Kennewick-Pasco-Richland, WA",28420,253340,191688,3694,2105,6125,360,8689,72700,75.7,1.5,0.8,2.4,0.1,3.4,28.7
"Killeen-Temple-Fort Hood, TX",28660,405300,260378,79275,3312,10372,3131,19901,82426,64.2,19.6,0.8,2.6,0.8,4.9,20.3
"Kingsport-Bristol-Bristol, TN-VA",28700,309544,296188,5903,738,1523,77,3499,4169,95.7,1.9,0.2,0.5,0,1.1,1.3
"Kingston, NY",28740,182493,158184,10982,597,3106,34,5048,15909,86.7,6,0.3,1.7,0,2.8,8.7
"Knoxville, TN",28940,698030,617869,44827,2115,10079,469,12403,23865,88.5,6.4,0.3,1.4,0.1,1.8,3.4
"Kokomo, IN",29020,98688,88835,5709,309,805,25,2199,2549,90,5.8,0.3,0.8,0,2.2,2.6
"La Crosse, WI-MN",29100,133665,124110,1711,526,4831,30,2074,1873,92.9,1.3,0.4,3.6,0,1.6,1.4
"Lafayette, IN",29140,201789,173179,7003,502,10766,54,4071,14089,85.8,3.5,0.2,5.3,0,2,7
"Lafayette, LA",29180,273738,188019,73112,968,3728,84,4316,9668,68.7,26.7,0.4,1.4,0,1.6,3.5
"Lake Charles, LA",29340,199607,143060,47901,934,2079,93,3754,5099,71.7,24,0.5,1,0,1.9,2.6
"Lake Havasu City-Kingman, AZ",29420,200186,173878,1882,4500,2103,341,5493,29569,86.9,0.9,2.2,1.1,0.2,2.7,14.8
"Lakeland-Winter Haven, FL",29460,602095,452854,88833,2706,9760,360,14735,106532,75.2,14.8,0.4,1.6,0.1,2.4,17.7
"Lancaster, PA",29540,519445,460171,19035,1195,9860,164,10201,44930,88.6,3.7,0.2,1.9,0,2,8.6
"Lansing-East Lansing, MI",29620,464036,378492,41407,2345,17523,147,15382,28574,81.6,8.9,0.5,3.8,0,3.3,6.2
"Laredo, TX",29700,250304,220201,1132,1006,1464,30,3689,239653,88,0.5,0.4,0.6,0,1.5,95.7
"Las Cruces, NM",29740,209233,154989,3656,3147,2227,185,6344,137514,74.1,1.7,1.5,1.1,0.1,3,65.7
"Las Vegas-Paradise, NV",29820,1951269,1188112,204379,14422,168831,13628,99391,568644,60.9,10.5,0.7,8.7,0.7,5.1,29.1
"Lawrence, KS",29940,110826,93667,4357,2951,4146,65,4151,5651,84.5,3.9,2.7,3.7,0.1,3.7,5.1
"Lawton, OK",30020,124098,79996,21669,7266,2777,686,8033,13896,64.5,17.5,5.9,2.2,0.6,6.5,11.2
"Lebanon, PA",30140,133568,121566,2885,250,1533,36,2133,12410,91,2.2,0.2,1.1,0,1.6,9.3
"Lewiston, ID-WA",30300,60888,55782,209,2508,396,73,1496,1752,91.6,0.3,4.1,0.7,0.1,2.5,2.9
"Lewiston-Auburn, ME",30340,107702,99939,3931,409,778,32,2156,1669,92.8,3.6,0.4,0.7,0,2,1.5
"Lexington-Fayette, KY",30460,472099,384351,51075,1138,10766,193,10491,27760,81.4,10.8,0.2,2.3,0,2.2,5.9
"Lima, OH",30620,106331,89089,12639,207,740,15,2796,2513,83.8,11.9,0.2,0.7,0,2.6,2.4
"Lincoln, NE",30700,302157,264930,9980,2193,10033,152,8065,16957,87.7,3.3,0.7,3.3,0.1,2.7,5.6
"Little Rock-North Little Rock-Conway, AR",30780,699757,500681,155081,3265,10310,373,13255,33575,71.6,22.2,0.5,1.5,0.1,1.9,4.8
"Logan, UT-ID",30860,125442,112461,725,743,2137,443,2345,12054,89.7,0.6,0.6,1.7,0.4,1.9,9.6
"Longview, TX",30980,214369,153906,37241,1277,1707,78,4650,30240,71.8,17.4,0.6,0.8,0,2.2,14.1
"Longview, WA",31020,102410,91069,642,1570,1500,232,3822,7975,88.9,0.6,1.5,1.5,0.2,3.7,7.8
"Los Angeles-Long Beach-Santa Ana, CA",31100,12828837,6767357,907618,90960,1884669,35448,566512,5700862,52.8,7.1,0.7,14.7,0.3,4.4,44.4
"Louisville/Jefferson County, KY-IN",31140,1283566,1036676,176107,3233,20098,710,26089,50388,80.8,13.7,0.3,1.6,0.1,2,3.9
"Lubbock, TX",31180,284890,220303,21161,2075,5759,192,6990,92095,77.3,7.4,0.7,2,0.1,2.5,32.3
"Lynchburg, VA",31340,252634,197654,44260,904,3351,79,4436,5234,78.2,17.5,0.4,1.3,0,1.8,2.1
"Macon, GA",31420,232293,122104,100934,550,2979,136,3088,5664,52.6,43.5,0.2,1.3,0.1,1.3,2.4
"Madera-Chowchilla, CA",31460,150865,94456,5629,4136,2802,162,6300,80992,62.6,3.7,2.7,1.9,0.1,4.2,53.7
"Madison, WI",31540,568593,491226,26151,2043,23465,200,12901,30705,86.4,4.6,0.4,4.1,0,2.3,5.4
"Manchester-Nashua, NH",31700,400721,362153,8298,961,12954,140,7939,21241,90.4,2.1,0.2,3.2,0,2,5.3
"Manhattan, KS",31740,127081,102153,11076,940,4241,420,5443,9819,80.4,8.7,0.7,3.3,0.3,4.3,7.7
"Mankato-North Mankato, MN",31860,96740,90066,2408,277,1680,23,1491,2812,93.1,2.5,0.3,1.7,0,1.5,2.9
"Mansfield, OH",31900,124475,108870,11709,240,808,37,2372,1732,87.5,9.4,0.2,0.6,0,1.9,1.4
"McAllen-Edinburg-Mission, TX",32580,774769,681649,4569,2589,7478,94,10262,702206,88,0.6,0.3,1,0,1.3,90.6
"Medford, OR",32780,203206,180172,1372,2386,2364,595,7117,21745,88.7,0.7,1.2,1.2,0.3,3.5,10.7
"Memphis, TN-MS-AR",32820,1316100,630715,601043,3360,24479,613,18486,65395,47.9,45.7,0.3,1.9,0,1.4,5
"Merced, CA",32900,255793,148381,9926,3473,18836,583,11929,140485,58,3.9,1.4,7.4,0.2,4.7,54.9
"Miami-Fort Lauderdale-Pompano Beach, FL",33100,5564635,3914239,1169185,16108,125564,2356,140000,2312929,70.3,21,0.3,2.3,0,2.5,41.6
"Michigan City-La Porte, IN",33140,111467,93787,12001,306,583,21,2543,6093,84.1,10.8,0.3,0.5,0,2.3,5.5
"Midland, TX",33260,136872,105302,9087,1013,1715,54,3270,51600,76.9,6.6,0.7,1.3,0,2.4,37.7
"Milwaukee-Waukesha-West Allis, WI",33340,1555908,1146946,261010,8483,46067,544,35853,147503,73.7,16.8,0.5,3,0,2.3,9.5
"Minneapolis-St. Paul-Bloomington, MN-WI",33460,3279833,2656553,243414,22726,188018,1383,90748,176283,81,7.4,0.7,5.7,0,2.8,5.4
"Missoula, MT",33540,109299,101320,445,2872,1236,105,2843,2861,92.7,0.4,2.6,1.1,0.1,2.6,2.6
"Mobile, AL",33660,412992,248647,142992,3681,7561,204,6022,9936,60.2,34.6,0.9,1.8,0,1.5,2.4
"Modesto, CA",33700,514453,337342,14721,5902,26090,3401,27787,215658,65.6,2.9,1.1,5.1,0.7,5.4,41.9
"Monroe, LA",33740,176441,108566,62398,439,1487,68,1918,3703,61.5,35.4,0.2,0.8,0,1.1,2.1
"Monroe, MI",33780,152021,143476,3237,467,842,26,2695,4667,94.4,2.1,0.3,0.6,0,1.8,3.1
"Montgomery, AL",33860,374536,196825,159330,1131,5827,266,4979,11840,52.6,42.5,0.3,1.6,0.1,1.3,3.2
"Morgantown, WV",34060,129709,120212,3857,208,2989,58,1965,1921,92.7,3,0.2,2.3,0,1.5,1.5
"Morristown, TN",34100,136608,124712,3682,425,703,87,2164,8860,91.3,2.7,0.3,0.5,0.1,1.6,6.5
"Mount Vernon-Anacortes, WA",34580,116901,97448,774,2516,2080,226,3739,19709,83.4,0.7,2.2,1.8,0.2,3.2,16.9
"Muncie, IN",34620,117671,104872,8146,302,1144,60,2473,2088,89.1,6.9,0.3,1,0.1,2.1,1.8
"Muskegon-Norton Shores, MI",34740,172188,137679,24882,1407,941,28,4889,8261,80,14.5,0.8,0.5,0,2.8,4.8
"Myrtle Beach-North Myrtle Beach-Conway, SC",34820,269291,215071,36202,1279,2816,305,5252,16683,79.9,13.4,0.5,1,0.1,2,6.2
"Napa, CA",34900,136484,97525,2668,1058,9223,372,5580,44010,71.5,2,0.8,6.8,0.3,4.1,32.2
"Naples-Marco Island, FL",34940,321520,269596,21087,1123,3507,125,6162,83177,83.9,6.6,0.3,1.1,0,1.9,25.9
"Nashville-Davidson--Murfreesboro--Franklin, TN",34980,1589934,1221951,242264,5182,36306,857,32662,105367,76.9,15.2,0.3,2.3,0.1,2.1,6.6
"New Haven-Milford, CT",35300,862477,644744,109850,2497,30263,334,22808,129743,74.8,12.7,0.3,3.5,0,2.6,15
"New Orleans-Metairie-Kenner, LA",35380,1167764,679773,397095,5192,31808,502,22564,91922,58.2,34,0.4,2.7,0,1.9,7.9
"New York-Northern New Jersey-Long Island, NY-NJ-PA",35620,18897109,11177664,3362616,92632,1878261,8588,612704,4327560,59.2,17.8,0.5,9.9,0,3.2,22.9
"Niles-Benton Harbor, MI",35660,156813,122804,24037,834,2451,118,3746,7054,78.3,15.3,0.5,1.6,0.1,2.4,4.5
"North Port-Bradenton-Sarasota, FL",35840,702281,606412,46045,1989,10178,352,12489,77988,86.3,6.6,0.3,1.4,0.1,1.8,11.1
"Norwich-New London, CT",35980,274055,225213,16025,2505,11383,180,10027,23214,82.2,5.8,0.9,4.2,0.1,3.7,8.5
"Ocala, FL",36100,331298,268284,40828,1309,4407,144,6814,36137,81,12.3,0.4,1.3,0,2.1,10.9
"Ocean City, NJ",36140,97265,87369,4565,205,834,36,1857,6054,89.8,4.7,0.2,0.9,0,1.9,6.2
"Odessa, TX",36220,137130,104653,6141,1351,1080,119,3402,72331,76.3,4.5,1,0.8,0.1,2.5,52.7
"Ogden-Clearfield, UT",36260,547184,482291,6854,3344,8361,2437,15228,64690,88.1,1.3,0.6,1.5,0.4,2.8,11.8
"Oklahoma City, OK",36420,1252987,900730,130597,51303,35218,1115,64645,142042,71.9,10.4,4.1,2.8,0.1,5.2,11.3
"Olympia, WA",36500,252264,207856,6752,3515,13037,1961,13495,17787,82.4,2.7,1.4,5.2,0.8,5.3,7.1
"Omaha-Council Bluffs, NE-IA",36540,865350,714090,68021,5177,17997,621,22294,77508,82.5,7.9,0.6,2.1,0.1,2.6,9
"Orlando-Kissimmee-Sanford,  FL",36740,2134411,1493724,344820,8842,84852,2033,69102,538856,70,16.2,0.4,4,0.1,3.2,25.2
"Oshkosh-Neenah, WI",36780,166994,154445,2975,1036,3822,58,2470,5784,92.5,1.8,0.6,2.3,0,1.5,3.5
"Owensboro, KY",36980,114752,105767,4756,175,714,61,1933,2725,92.2,4.1,0.2,0.6,0.1,1.7,2.4
"Oxnard-Thousand Oaks-Ventura, CA",37100,823318,565804,15163,8068,55446,1643,36941,331567,68.7,1.8,1,6.7,0.2,4.5,40.3
"Palm Bay-Melbourne-Titusville, FL",37340,543376,450927,54799,2118,11349,514,14370,43943,83,10.1,0.4,2.1,0.1,2.6,8.1
"Palm Coast, FL",37380,95696,78710,10884,267,2046,59,2186,8251,82.3,11.4,0.3,2.1,0.1,2.3,8.6
"Panama City-Lynn Haven-Panama City Beach, FL",37460,168852,138731,18180,1153,3353,161,5235,8107,82.2,10.8,0.7,2,0.1,3.1,4.8
"Parkersburg-Marietta-Vienna, WV-OH",37620,162056,156477,1731,346,831,45,2317,1292,96.6,1.1,0.2,0.5,0,1.4,0.8
"Pascagoula, MS",37700,162246,121001,31863,634,3070,79,2830,6831,74.6,19.6,0.4,1.9,0,1.7,4.2
"Pensacola-Ferry Pass-Brent, FL",37860,448991,337913,76487,3929,10933,647,13879,20568,75.3,17,0.9,2.4,0.1,3.1,4.6
"Peoria, IL",37900,379186,324794,34663,997,7132,102,7589,10516,85.7,9.1,0.3,1.9,0,2,2.8
"Philadelphia-Camden-Wilmington, PA-NJ-DE-MD",37980,5965343,4068351,1241780,16340,295766,2216,138883,468168,68.2,20.8,0.3,5,0,2.3,7.8
"Phoenix-Mesa-Glendale, AZ",38060,4192887,3058794,207734,99278,138717,9355,146091,1235718,73,5,2.4,3.3,0.2,3.5,29.5
"Pine Bluff, AR",38220,100258,49366,47921,274,638,11,1142,1816,49.2,47.8,0.3,0.6,0,1.1,1.8
"Pittsburgh, PA",38300,2356285,2069283,196755,2908,41238,494,37254,29969,87.8,8.4,0.1,1.8,0,1.6,1.3
"Pittsfield, MA",38340,131219,121384,3572,251,1611,30,2814,4530,92.5,2.7,0.2,1.2,0,2.1,3.5
"Pocatello, ID",38540,90656,80268,647,2798,1111,195,2393,7915,88.5,0.7,3.1,1.2,0.2,2.6,8.7
"Portland-South Portland-Biddeford, ME",38860,514098,485409,8143,1631,8134,130,8487,7976,94.4,1.6,0.3,1.6,0,1.7,1.6
"Portland-Vancouver-Hillsboro, OR-WA",38900,2226009,1803705,63650,20857,126965,10315,90741,241844,81,2.9,0.9,5.7,0.5,4.1,10.9
"Port St. Lucie, FL",38940,424107,327027,60878,1963,5874,265,9620,63876,77.1,14.4,0.5,1.4,0.1,2.3,15.1
"Poughkeepsie-Newburgh-Middletown, NY",39100,670301,526189,67464,2641,19332,233,19482,98452,78.5,10.1,0.4,2.9,0,2.9,14.7
"Prescott, AZ",39140,211033,188515,1267,3549,1785,213,5358,28728,89.3,0.6,1.7,0.8,0.1,2.5,13.6
"Providence-New Bedford-Fall River, RI-MA",39300,1600852,1341663,78021,8178,40699,759,49197,163675,83.8,4.9,0.5,2.5,0,3.1,10.2
"Provo-Orem, UT",39340,526810,471606,2824,3164,7054,3920,14186,56172,89.5,0.5,0.6,1.3,0.7,2.7,10.7
"Pueblo, CO",39380,159063,126229,3222,3055,1258,160,5854,65811,79.4,2,1.9,0.8,0.1,3.7,41.4
"Punta Gorda, FL",39460,159978,144059,9089,417,1912,59,2675,9213,90,5.7,0.3,1.2,0,1.7,5.8
"Racine, WI",39540,195408,155731,21767,781,2121,53,4909,22546,79.7,11.1,0.4,1.1,0,2.5,11.5
"Raleigh-Cary, NC",39580,1130490,762898,228268,5771,49862,450,26994,114512,67.5,20.2,0.5,4.4,0,2.4,10.1
"Rapid City, SD",39660,126382,107755,1369,10345,1217,99,4588,4817,85.3,1.1,8.2,1,0.1,3.6,3.8
"Reading, PA",39740,411442,342148,20143,1285,5385,128,10252,67355,83.2,4.9,0.3,1.3,0,2.5,16.4
"Redding, CA",39820,177223,153726,1548,4950,4391,271,7836,14878,86.7,0.9,2.8,2.5,0.2,4.4,8.4
"Reno-Sparks, NV",39900,425417,327763,9854,7273,21856,2557,16031,93952,77,2.3,1.7,5.1,0.6,3.8,22.1
"Richmond, VA",40060,1258251,779786,375427,5480,39265,757,28592,63289,62,29.8,0.4,3.1,0.1,2.3,5
"Riverside-San Bernardino-Ontario, CA",40140,4224851,2488308,322405,46399,259071,13744,207028,1996402,58.9,7.6,1.1,6.1,0.3,4.9,47.3
"Roanoke, VA",40220,308707,253645,39603,727,5007,104,5614,9713,82.2,12.8,0.2,1.6,0,1.8,3.1
"Rochester, MN",40340,186011,163899,7010,445,7993,70,3669,7588,88.1,3.8,0.2,4.3,0,2,4.1
"Rochester, NY",40380,1054323,854652,122611,3104,26844,302,24490,64719,81.1,11.6,0.3,2.5,0,2.3,6.1
"Rockford, IL",40420,349431,274376,37172,1163,7496,94,9743,43144,78.5,10.6,0.3,2.1,0,2.8,12.3
"Rocky Mount, NC",40580,152392,75454,68085,826,860,34,2130,8119,49.5,44.7,0.5,0.6,0,1.4,5.3
"Rome, GA",40660,96317,74055,13640,344,1253,116,1799,8987,76.9,14.2,0.4,1.3,0.1,1.9,9.3
"Sacramento--Arden-Arcade--Roseville, CA",40900,2149127,1389804,158426,21603,255995,15840,127233,433734,64.7,7.4,1,11.9,0.7,5.9,20.2
"Saginaw-Saginaw Township North, MI",40980,200169,149272,38114,877,2108,65,4976,15573,74.6,19,0.4,1.1,0,2.5,7.8
"St. Cloud, MN",41060,189093,174610,5407,632,3407,65,2950,4822,92.3,2.9,0.3,1.8,0,1.6,2.6
"St. George, UT",41100,138115,123914,790,1869,982,1078,3169,13486,89.7,0.6,1.4,0.7,0.8,2.3,9.8
"St. Joseph, MO-KS",41140,127329,114887,6436,585,845,200,2657,5348,90.2,5.1,0.5,0.7,0.2,2.1,4.2
"St. Louis, MO-IL \3",41180,2812896,2153118,516446,6811,60072,1037,51122,72019,76.5,18.4,0.2,2.1,0,1.8,2.6
"Salem, OR",41420,390738,311464,3795,6575,7430,2539,15075,85682,79.7,1,1.7,1.9,0.6,3.9,21.9
"Salinas, CA",41500,415057,230717,12785,5464,25258,2071,21357,230003,55.6,3.1,1.3,6.1,0.5,5.1,55.4
"Salisbury, MD",41540,125203,81954,35065,321,2655,54,2911,5341,65.5,28,0.3,2.1,0,2.3,4.3
"Salt Lake City, UT",41620,1124197,921768,16964,9842,34807,16039,34510,186866,82,1.5,0.9,3.1,1.4,3.1,16.6
"San Angelo, TX",41660,111823,91533,4456,884,1121,100,3165,39722,81.9,4,0.8,1,0.1,2.8,35.5
"San Antonio-New Braunfels, TX",41700,2142508,1617352,141468,17322,45330,2681,69992,1158148,75.5,6.6,0.8,2.1,0.1,3.3,54.1
"San Diego-Carlsbad-San Marcos, CA",41740,3095313,1981442,158213,26340,336091,15337,158425,991348,64,5.1,0.9,10.9,0.5,5.1,32
"Sandusky, OH",41780,77079,67066,6644,232,463,8,2142,2604,87,8.6,0.3,0.6,0,2.8,3.4
"San Francisco-Oakland-Fremont, CA",41860,4335391,2239519,363905,24774,1005823,31832,239784,938794,51.7,8.4,0.6,23.2,0.7,5.5,21.7
"San Jose-Sunnyvale-Santa Clara, CA",41940,1836911,871797,46911,13855,571967,7154,89950,510396,47.5,2.6,0.8,31.1,0.4,4.9,27.8
"San Luis Obispo-Paso Robles, CA",42020,269637,222756,5550,2536,8507,389,10113,55973,82.6,2.1,0.9,3.2,0.1,3.8,20.8
"Santa Barbara-Santa Maria-Goleta, CA",42060,423895,295124,8513,5485,20665,806,19442,181687,69.6,2,1.3,4.9,0.2,4.6,42.9
"Santa Cruz-Watsonville, CA",42100,262382,190208,2766,2253,11112,349,12318,84092,72.5,1.1,0.9,4.2,0.1,4.7,32
"Santa Fe, NM",42140,144170,109800,1239,4486,1672,108,5135,73015,76.2,0.9,3.1,1.2,0.1,3.6,50.6
"Santa Rosa-Petaluma, CA",42220,483878,371412,7610,6489,18341,1558,21502,120430,76.8,1.6,1.3,3.8,0.3,4.4,24.9
"Savannah, GA",42340,347611,207446,117726,945,7224,305,7437,17207,59.7,33.9,0.3,2.1,0.1,2.1,5
"Scranton--Wilkes-Barre, PA",42540,563631,515784,16398,942,6874,115,8458,32610,91.5,2.9,0.2,1.2,0,1.5,5.8
"Seattle-Tacoma-Bellevue, WA",42660,3439809,2474896,191967,36819,392961,28209,183868,309476,71.9,5.6,1.1,11.4,0.8,5.3,9
"Sebastian-Vero Beach, FL",42680,138028,116346,12397,408,1666,51,2251,15465,84.3,9,0.3,1.2,0,1.6,11.2
"Sheboygan, WI",43100,115507,103861,1684,444,5310,35,1876,6329,89.9,1.5,0.4,4.6,0,1.6,5.5
"Sherman-Denison, TX",43300,120877,101371,7081,1835,1046,41,3242,13688,83.9,5.9,1.5,0.9,0,2.7,11.3
"Shreveport-Bossier City, LA",43340,398604,224828,155174,1937,4652,300,6618,13816,56.4,38.9,0.5,1.2,0.1,1.7,3.5
"Sioux City, IA-NE-SD",43580,143577,119503,3229,2923,3193,166,4079,22339,83.2,2.2,2,2.2,0.1,2.8,15.6
"Sioux Falls, SD",43620,228261,205931,6755,4514,2996,146,4632,7746,90.2,3,2,1.3,0.1,2,3.4
"South Bend-Mishawaka, IN-MI",43780,319224,256468,36779,1534,5375,204,9258,20965,80.3,11.5,0.5,1.7,0.1,2.9,6.6
"Spartanburg, SC",43900,284307,205680,58565,764,5746,86,4752,16658,72.3,20.6,0.3,2,0,1.7,5.9
"Spokane, WA",44060,471221,420275,8056,7295,9957,1902,17856,21260,89.2,1.7,1.5,2.1,0.4,3.8,4.5
"Springfield, IL",44100,210170,177486,23411,426,3250,49,4455,3601,84.4,11.1,0.2,1.5,0,2.1,1.7
"Springfield, MA",44140,692942,562069,46365,2413,17198,299,18704,106481,81.1,6.7,0.3,2.5,0,2.7,15.4
"Springfield, MO",44180,436712,405971,8937,2930,5147,385,9873,11592,93,2,0.7,1.2,0.1,2.3,2.7
"Springfield, OH",44220,138333,119440,12128,351,858,51,3509,3805,86.3,8.8,0.3,0.6,0,2.5,2.8
"State College, PA",44300,153990,137625,4638,191,7986,48,2360,3690,89.4,3,0.1,5.2,0,1.5,2.4
"Steubenville-Weirton, OH-WV",44600,124454,116800,4872,156,470,20,1886,1250,93.8,3.9,0.1,0.4,0,1.5,1
"Stockton, CA",44700,685306,349287,51744,7196,98472,3758,43795,266341,51,7.6,1.1,14.4,0.5,6.4,38.9
"Sumter, SC",44940,107456,51825,50414,389,1188,99,2030,3532,48.2,46.9,0.4,1.1,0.1,1.9,3.3
"Syracuse, NY",45060,662577,566257,53542,4862,15760,181,15576,22697,85.5,8.1,0.7,2.4,0,2.4,3.4
"Tallahassee, FL",45220,367413,224262,119320,1140,8509,182,7477,21342,61,32.5,0.3,2.3,0,2,5.8
"Tampa-St. Petersburg-Clearwater, FL",45300,2783243,2193411,329334,9930,80879,2079,72645,452208,78.8,11.8,0.4,2.9,0.1,2.6,16.2
"Terre Haute, IN",45460,172425,157574,8509,518,1912,50,2977,3200,91.4,4.9,0.3,1.1,0,1.7,1.9
"Texarkana, TX-Texarkana, AR",45500,136027,94775,33054,987,932,68,2719,7100,69.7,24.3,0.7,0.7,0,2,5.2
"Toledo, OH",45780,651429,523796,87455,1826,9006,161,17255,37733,80.4,13.4,0.3,1.4,0,2.6,5.8
"Topeka, KS",45820,233870,197178,15534,3572,2219,138,8530,20615,84.3,6.6,1.5,0.9,0.1,3.6,8.8
"Trenton-Ewing, NJ",45940,366513,225011,74318,1194,32752,295,10087,55318,61.4,20.3,0.3,8.9,0.1,2.8,15.1
"Tucson, AZ",46060,980263,728751,34674,32605,25731,1624,36239,338802,74.3,3.5,3.3,2.6,0.2,3.7,34.6
"Tulsa, OK",46140,937478,664988,78928,77388,16546,577,59781,78446,70.9,8.4,8.3,1.8,0.1,6.4,8.4
"Tuscaloosa, AL",46220,219461,136845,74282,568,2356,118,2230,6158,62.4,33.8,0.3,1.1,0.1,1,2.8
"Tyler, TX",46340,209714,147086,37629,1141,2597,79,4158,36088,70.1,17.9,0.5,1.2,0,2,17.2
"Utica-Rome, NY",46540,299397,266999,15388,762,6897,80,5644,11859,89.2,5.1,0.3,2.3,0,1.9,4
"Valdosta, GA",46660,139588,83348,47432,590,1758,141,2863,7735,59.7,34,0.4,1.3,0.1,2.1,5.5
"Vallejo-Fairfield, CA",46700,413344,210751,60750,3212,60473,3564,31358,99356,51,14.7,0.8,14.6,0.9,7.6,24
"Victoria, TX",47020,115384,92480,6421,657,1862,33,2706,50497,80.1,5.6,0.6,1.6,0,2.3,43.8
"Vineland-Millville-Bridgeton, NJ",47220,156898,98430,31741,1746,1907,59,5523,42457,62.7,20.2,1.1,1.2,0,3.5,27.1
"Virginia Beach-Norfolk-Newport News, VA-NC",47260,1671683,997082,522409,6828,58017,2064,57381,89567,59.6,31.3,0.4,3.5,0.1,3.4,5.4
"Visalia-Porterville, CA",47300,442179,265618,7196,6993,15176,509,18424,268065,60.1,1.6,1.6,3.4,0.1,4.2,60.6
"Waco, TX",47380,234906,164037,34767,1473,3220,107,5805,55471,69.8,14.8,0.6,1.4,0,2.5,23.6
"Warner Robins, GA",47580,139900,88626,39998,475,3403,185,3853,8515,63.3,28.6,0.3,2.4,0.1,2.8,6.1
"Washington-Arlington-Alexandria, DC-VA-MD-WV",47900,5582170,3058820,1438436,22791,517458,4008,205513,770795,54.8,25.8,0.4,9.3,0.1,3.7,13.8
"Waterloo-Cedar Falls, IA",47940,167819,148085,11859,317,1908,210,3303,5268,88.2,7.1,0.2,1.1,0.1,2,3.1
"Wausau, WI",48140,134063,122446,841,634,7146,32,1741,2992,91.3,0.6,0.5,5.3,0,1.3,2.2
"Wenatchee-East Wenatchee, WA",48300,110884,88057,364,1105,871,152,3001,29726,79.4,0.3,1,0.8,0.1,2.7,26.8
"Wheeling, WV-OH",48540,147950,140051,4647,197,748,17,2044,1056,94.7,3.1,0.1,0.5,0,1.4,0.7
"Wichita, KS",48620,623061,496456,48057,6908,21164,471,22734,72082,79.7,7.7,1.1,3.4,0.1,3.6,11.6
"Wichita Falls, TX",48660,151306,120059,13908,1577,2715,105,4141,23001,79.3,9.2,1,1.8,0.1,2.7,15.2
"Williamsport, PA",48700,116111,107573,5203,217,671,25,2001,1559,92.6,4.5,0.2,0.6,0,1.7,1.3
"Wilmington, NC",48900,362315,289247,51467,2057,3196,186,6934,19459,79.8,14.2,0.6,0.9,0.1,1.9,5.4
"Winchester, VA-WV",49020,128472,112767,6279,377,1631,53,2647,9451,87.8,4.9,0.3,1.3,0,2.1,7.4
"Winston-Salem, NC",49180,477717,332645,96928,1841,6937,248,9344,49274,69.6,20.3,0.4,1.5,0.1,2,10.3
"Worcester, MA",49340,798552,683361,33314,1976,31815,246,18762,75422,85.6,4.2,0.2,4,0,2.3,9.4
"Yakima, WA",49420,243231,155056,2320,10568,2560,204,9109,109470,63.7,1,4.3,1.1,0.1,3.7,45
"York-Hanover, PA",49620,434972,385135,24344,942,5407,123,8695,24397,88.5,5.6,0.2,1.2,0,2,5.6
"Youngstown-Warren-Boardman, OH-PA",49660,565773,484851,61576,1007,3394,108,10383,15185,85.7,10.9,0.2,0.6,0,1.8,2.7
"Yuba City, CA",49700,166892,107081,4280,3040,18525,574,10384,45302,64.2,2.6,1.8,11.1,0.3,6.2,27.1
"Yuma, AZ",49740,195751,137881,3931,3056,2324,306,7510,116912,70.4,2,1.6,1.2,0.2,3.8,59.7
